  myadder16
    area: 495.41
    in0    <-  (0.04839)
    in1    <-  (0.04839)
    in2    <-  (0.04839)
    out0    ->  (0.11) ()	--- adder16
      cell_fall
            input_net_transition total_output_net_capacitance time
            0.005 0.0014 1.43614
            0.005 0.013 1.48228
            0.005 0.026 1.55735
            0.005 0.053 1.71375
            0.005 0.11 2.04484
            0.005 0.21 2.62584
            0.035 0.0014 1.46061
            0.035 0.013 1.50675
            0.035 0.026 1.58182
            0.035 0.053 1.73822
            0.035 0.11 2.06931
            0.035 0.21 2.65031
            0.07 0.0014 1.48696
            0.07 0.013 1.5331
            0.07 0.026 1.60818
            0.07 0.053 1.76457
            0.07 0.11 2.09567
            0.07 0.21 2.67666
            0.14 0.0014 1.53569
            0.14 0.013 1.58184
            0.14 0.026 1.65691
            0.14 0.053 1.81331
            0.14 0.11 2.1444
            0.14 0.21 2.72539
            0.28 0.0014 1.61939
            0.28 0.013 1.66553
            0.28 0.026 1.74061
            0.28 0.053 1.897
            0.28 0.11 2.2281
            0.28 0.21 2.80909
            0.56 0.0014 1.76618
            0.56 0.013 1.81233
            0.56 0.026 1.8874
            0.56 0.053 2.0438
            0.56 0.11 2.37489
            0.56 0.21 2.95588
      cell_rise
            input_net_transition total_output_net_capacitance time
            0.005 0.0014 1.43614
            0.005 0.013 1.48228
            0.005 0.026 1.55735
            0.005 0.053 1.71375
            0.005 0.11 2.04484
            0.005 0.21 2.62584
            0.035 0.0014 1.46061
            0.035 0.013 1.50675
            0.035 0.026 1.58182
            0.035 0.053 1.73822
            0.035 0.11 2.06931
            0.035 0.21 2.65031
            0.07 0.0014 1.48696
            0.07 0.013 1.5331
            0.07 0.026 1.60818
            0.07 0.053 1.76457
            0.07 0.11 2.09567
            0.07 0.21 2.67666
            0.14 0.0014 1.53569
            0.14 0.013 1.58184
            0.14 0.026 1.65691
            0.14 0.053 1.81331
            0.14 0.11 2.1444
            0.14 0.21 2.72539
            0.28 0.0014 1.61939
            0.28 0.013 1.66553
            0.28 0.026 1.74061
            0.28 0.053 1.897
            0.28 0.11 2.2281
            0.28 0.21 2.80909
            0.56 0.0014 1.76618
            0.56 0.013 1.81233
            0.56 0.026 1.8874
            0.56 0.053 2.0438
            0.56 0.11 2.37489
            0.56 0.21 2.95588
      fall_transition
            input_net_transition total_output_net_capacitance time
            0.005 0.0014 0.0363224
            0.005 0.013 0.157195
            0.005 0.026 0.278335
            0.005 0.053 0.530624
            0.005 0.11 1.06337
            0.005 0.21 1.9979
            0.035 0.0014 0.0363224
            0.035 0.013 0.157195
            0.035 0.026 0.278335
            0.035 0.053 0.530624
            0.035 0.11 1.06337
            0.035 0.21 1.9979
            0.07 0.0014 0.0363224
            0.07 0.013 0.157195
            0.07 0.026 0.278335
            0.07 0.053 0.530624
            0.07 0.11 1.06337
            0.07 0.21 1.9979
            0.14 0.0014 0.0363224
            0.14 0.013 0.157195
            0.14 0.026 0.278335
            0.14 0.053 0.530624
            0.14 0.11 1.06337
            0.14 0.21 1.9979
            0.28 0.0014 0.0363224
            0.28 0.013 0.157195
            0.28 0.026 0.278335
            0.28 0.053 0.530624
            0.28 0.11 1.06337
            0.28 0.21 1.9979
            0.56 0.0014 0.0363224
            0.56 0.013 0.157195
            0.56 0.026 0.278335
            0.56 0.053 0.530624
            0.56 0.11 1.06337
            0.56 0.21 1.9979
      rise_transition
            input_net_transition total_output_net_capacitance time
            0.005 0.0014 0.0363224
            0.005 0.013 0.157195
            0.005 0.026 0.278335
            0.005 0.053 0.530624
            0.005 0.11 1.06337
            0.005 0.21 1.9979
            0.035 0.0014 0.0363224
            0.035 0.013 0.157195
            0.035 0.026 0.278335
            0.035 0.053 0.530624
            0.035 0.11 1.06337
            0.035 0.21 1.9979
            0.07 0.0014 0.0363224
            0.07 0.013 0.157195
            0.07 0.026 0.278335
            0.07 0.053 0.530624
            0.07 0.11 1.06337
            0.07 0.21 1.9979
            0.14 0.0014 0.0363224
            0.14 0.013 0.157195
            0.14 0.026 0.278335
            0.14 0.053 0.530624
            0.14 0.11 1.06337
            0.14 0.21 1.9979
            0.28 0.0014 0.0363224
            0.28 0.013 0.157195
            0.28 0.026 0.278335
            0.28 0.053 0.530624
            0.28 0.11 1.06337
            0.28 0.21 1.9979
            0.56 0.0014 0.0363224
            0.56 0.013 0.157195
            0.56 0.026 0.278335
            0.56 0.053 0.530624
            0.56 0.11 1.06337
            0.56 0.21 1.9979