  OR2X18
    area: 4.37
    A    <-  (0.002379)
    B    <-  (0.00229)
    Z    ->  (0.32) (A+B)	--- OR2
      cell_fall positive_unate
            input_net_transition total_output_net_capacitance time
            0.005 0.0014 0.0948332
            0.005 0.02 0.128315
            0.005 0.039 0.152328
            0.005 0.079 0.197604
            0.005 0.16 0.28578
            0.005 0.32 0.458986
            0.035 0.0014 0.115159
            0.035 0.02 0.148643
            0.035 0.039 0.172678
            0.035 0.079 0.217976
            0.035 0.16 0.306163
            0.035 0.32 0.479105
            0.07 0.0014 0.136378
            0.07 0.02 0.170137
            0.07 0.039 0.194282
            0.07 0.079 0.239646
            0.07 0.16 0.327789
            0.07 0.32 0.501072
            0.14 0.0014 0.174053
            0.14 0.02 0.208736
            0.14 0.039 0.2332
            0.14 0.079 0.278817
            0.14 0.16 0.367114
            0.14 0.32 0.53999
            0.28 0.0014 0.239019
            0.28 0.02 0.275726
            0.28 0.039 0.300883
            0.28 0.079 0.347061
            0.28 0.16 0.435567
            0.28 0.32 0.608421
            0.56 0.0014 0.347787
            0.56 0.02 0.389004
            0.56 0.039 0.415547
            0.56 0.079 0.462792
            0.56 0.16 0.551672
            0.56 0.32 0.72468
      cell_rise positive_unate
            input_net_transition total_output_net_capacitance time
            0.005 0.0014 0.0546755
            0.005 0.02 0.0859111
            0.005 0.039 0.113476
            0.005 0.079 0.170577
            0.005 0.16 0.285527
            0.005 0.32 0.512204
            0.035 0.0014 0.0783805
            0.035 0.02 0.109721
            0.035 0.039 0.137324
            0.035 0.079 0.19448
            0.035 0.16 0.309397
            0.035 0.32 0.536107
            0.07 0.0014 0.102681
            0.07 0.02 0.134574
            0.07 0.039 0.162217
            0.07 0.079 0.219351
            0.07 0.16 0.334422
            0.07 0.32 0.561099
            0.14 0.0014 0.144089
            0.14 0.02 0.177452
            0.14 0.039 0.205205
            0.14 0.079 0.26235
            0.14 0.16 0.377289
            0.14 0.32 0.603955
            0.28 0.0014 0.213312
            0.28 0.02 0.250052
            0.28 0.039 0.278102
            0.28 0.079 0.335269
            0.28 0.16 0.450131
            0.28 0.32 0.676632
            0.56 0.0014 0.327437
            0.56 0.02 0.371437
            0.56 0.039 0.400719
            0.56 0.079 0.45782
            0.56 0.16 0.57266
            0.56 0.32 0.79893
      fall_transition positive_unate
            input_net_transition total_output_net_capacitance time
            0.005 0.0014 0.024449
            0.005 0.02 0.05553
            0.005 0.039 0.08665
            0.005 0.079 0.15454
            0.005 0.16 0.29585
            0.005 0.32 0.57771
            0.035 0.0014 0.024526
            0.035 0.02 0.055562
            0.035 0.039 0.08666
            0.035 0.079 0.15455
            0.035 0.16 0.29586
            0.035 0.32 0.57772
            0.07 0.0014 0.025084
            0.07 0.02 0.055895
            0.07 0.039 0.08693
            0.07 0.079 0.15469
            0.07 0.16 0.29593
            0.07 0.32 0.57773
            0.14 0.0014 0.02657
            0.14 0.02 0.057068
            0.14 0.039 0.08779
            0.14 0.079 0.15514
            0.14 0.16 0.29602
            0.14 0.32 0.57774
            0.28 0.0014 0.029848
            0.28 0.02 0.059678
            0.28 0.039 0.089842
            0.28 0.079 0.15645
            0.28 0.16 0.29685
            0.28 0.32 0.57798
            0.56 0.0014 0.037339
            0.56 0.02 0.065472
            0.56 0.039 0.094298
            0.56 0.079 0.15925
            0.56 0.16 0.29826
            0.56 0.32 0.57891
      rise_transition positive_unate
            input_net_transition total_output_net_capacitance time
            0.005 0.0014 0.016652
            0.005 0.02 0.058021
            0.005 0.039 0.10198
            0.005 0.079 0.19584
            0.005 0.16 0.3859
            0.005 0.32 0.76165
            0.035 0.0014 0.017077
            0.035 0.02 0.058114
            0.035 0.039 0.1021
            0.035 0.079 0.19585
            0.035 0.16 0.38609
            0.035 0.32 0.76217
            0.07 0.0014 0.018307
            0.07 0.02 0.058501
            0.07 0.039 0.1022
            0.07 0.079 0.19587
            0.07 0.16 0.3861
            0.07 0.32 0.76218
            0.14 0.0014 0.021008
            0.14 0.02 0.059543
            0.14 0.039 0.10271
            0.14 0.079 0.19609
            0.14 0.16 0.38611
            0.14 0.32 0.7622
            0.28 0.0014 0.026343
            0.28 0.02 0.062315
            0.28 0.039 0.10416
            0.28 0.079 0.19671
            0.28 0.16 0.38626
            0.28 0.32 0.76221
            0.56 0.0014 0.036407
            0.56 0.02 0.069305
            0.56 0.039 0.10804
            0.56 0.079 0.19818
            0.56 0.16 0.38733
            0.56 0.32 0.7628  OR2X27
    area: 6.86
    A    <-  (0.003846)
    B    <-  (0.003477)
    Z    ->  (0.47) (A+B)	--- OR2
      cell_fall positive_unate
            input_net_transition total_output_net_capacitance time
            0.005 0.0014 0.0906224
            0.005 0.03 0.124267
            0.005 0.059 0.148181
            0.005 0.12 0.193545
            0.005 0.24 0.279631
            0.005 0.47 0.444048
            0.035 0.0014 0.111078
            0.035 0.03 0.144727
            0.035 0.059 0.168674
            0.035 0.12 0.214049
            0.035 0.24 0.300212
            0.035 0.47 0.464629
            0.07 0.0014 0.132275
            0.07 0.03 0.166232
            0.07 0.059 0.190289
            0.07 0.12 0.235719
            0.07 0.24 0.321926
            0.07 0.47 0.486189
            0.14 0.0014 0.169598
            0.14 0.03 0.204567
            0.14 0.059 0.228943
            0.14 0.12 0.274659
            0.14 0.24 0.360943
            0.14 0.47 0.524931
            0.28 0.0014 0.233629
            0.28 0.03 0.270754
            0.28 0.059 0.295856
            0.28 0.12 0.3421
            0.28 0.24 0.428637
            0.28 0.47 0.592713
            0.56 0.0014 0.34001
            0.56 0.03 0.38203
            0.56 0.059 0.408584
            0.56 0.12 0.455895
            0.56 0.24 0.542795
            0.56 0.47 0.70697
      cell_rise positive_unate
            input_net_transition total_output_net_capacitance time
            0.005 0.0014 0.0533159
            0.005 0.03 0.0852445
            0.005 0.059 0.113168
            0.005 0.12 0.171083
            0.005 0.24 0.284262
            0.005 0.47 0.501083
            0.035 0.0014 0.0768658
            0.035 0.03 0.108903
            0.035 0.059 0.136917
            0.035 0.12 0.194777
            0.035 0.24 0.308099
            0.035 0.47 0.524843
            0.07 0.0014 0.10094
            0.07 0.03 0.133562
            0.07 0.059 0.161601
            0.07 0.12 0.219538
            0.07 0.24 0.332794
            0.07 0.47 0.549582
            0.14 0.0014 0.141911
            0.14 0.03 0.176055
            0.14 0.059 0.204171
            0.14 0.12 0.26213
            0.14 0.24 0.375364
            0.14 0.47 0.591987
            0.28 0.0014 0.210386
            0.28 0.03 0.247973
            0.28 0.059 0.276353
            0.28 0.12 0.334312
            0.28 0.24 0.447502
            0.28 0.47 0.664059
            0.56 0.0014 0.323246
            0.56 0.03 0.368181
            0.56 0.059 0.397716
            0.56 0.12 0.455631
            0.56 0.24 0.568711
            0.56 0.47 0.785147
      fall_transition positive_unate
            input_net_transition total_output_net_capacitance time
            0.005 0.0014 0.022568
            0.005 0.03 0.054166
            0.005 0.059 0.085642
            0.005 0.12 0.15421
            0.005 0.24 0.29253
            0.005 0.47 0.55996
            0.035 0.0014 0.022662
            0.035 0.03 0.054246
            0.035 0.059 0.085707
            0.035 0.12 0.15422
            0.035 0.24 0.29257
            0.035 0.47 0.56005
            0.07 0.0014 0.023187
            0.07 0.03 0.054571
            0.07 0.059 0.085946
            0.07 0.12 0.15428
            0.07 0.24 0.29258
            0.07 0.47 0.56006
            0.14 0.0014 0.024704
            0.14 0.03 0.055779
            0.14 0.059 0.086843
            0.14 0.12 0.15485
            0.14 0.24 0.2928
            0.14 0.47 0.56011
            0.28 0.0014 0.02796
            0.28 0.03 0.058367
            0.28 0.059 0.088879
            0.28 0.12 0.15614
            0.28 0.24 0.29348
            0.28 0.47 0.56044
            0.56 0.0014 0.035429
            0.56 0.03 0.064184
            0.56 0.059 0.093302
            0.56 0.12 0.15883
            0.56 0.24 0.2949
            0.56 0.47 0.56124
      rise_transition positive_unate
            input_net_transition total_output_net_capacitance time
            0.005 0.0014 0.015766
            0.005 0.03 0.058006
            0.005 0.059 0.10276
            0.005 0.12 0.19778
            0.005 0.24 0.38533
            0.005 0.47 0.74478
            0.035 0.0014 0.016151
            0.035 0.03 0.05807
            0.035 0.059 0.1028
            0.035 0.12 0.19788
            0.035 0.24 0.38534
            0.035 0.47 0.74479
            0.07 0.0014 0.017359
            0.07 0.03 0.058365
            0.07 0.059 0.1029
            0.07 0.12 0.19789
            0.07 0.24 0.38535
            0.07 0.47 0.74482
            0.14 0.0014 0.020012
            0.14 0.03 0.059507
            0.14 0.059 0.10339
            0.14 0.12 0.19814
            0.14 0.24 0.38536
            0.14 0.47 0.74483
            0.28 0.0014 0.025166
            0.28 0.03 0.062015
            0.28 0.059 0.10477
            0.28 0.12 0.19858
            0.28 0.24 0.38552
            0.28 0.47 0.74484
            0.56 0.0014 0.0349
            0.56 0.03 0.068671
            0.56 0.059 0.10836
            0.56 0.12 0.20016
            0.56 0.24 0.3864
            0.56 0.47 0.74508  OR2X35
    area: 7.49
    A    <-  (0.004656)
    B    <-  (0.004423)
    Z    ->  (0.61) (A+B)	--- OR2
      cell_fall positive_unate
            input_net_transition total_output_net_capacitance time
            0.005 0.0014 0.0881617
            0.005 0.019 0.106987
            0.005 0.038 0.121033
            0.005 0.077 0.145002
            0.005 0.15 0.18524
            0.005 0.31 0.270039
            0.005 0.61 0.428307
            0.035 0.0014 0.10887
            0.035 0.019 0.127699
            0.035 0.038 0.141757
            0.035 0.077 0.165737
            0.035 0.15 0.206008
            0.035 0.31 0.29084
            0.035 0.61 0.449108
            0.07 0.0014 0.130273
            0.07 0.019 0.149314
            0.07 0.038 0.163482
            0.07 0.077 0.187583
            0.07 0.15 0.227909
            0.07 0.31 0.312785
            0.07 0.61 0.470877
            0.14 0.0014 0.16797
            0.14 0.019 0.187704
            0.14 0.038 0.202202
            0.14 0.077 0.226644
            0.14 0.15 0.267234
            0.14 0.31 0.35222
            0.14 0.61 0.510037
            0.28 0.0014 0.232584
            0.28 0.019 0.253836
            0.28 0.038 0.269049
            0.28 0.077 0.29425
            0.28 0.15 0.335368
            0.28 0.31 0.420618
            0.28 0.61 0.578523
            0.56 0.0014 0.34001
            0.56 0.019 0.364683
            0.56 0.038 0.38148
            0.56 0.077 0.408221
            0.56 0.15 0.450373
            0.56 0.31 0.53603
            0.56 0.61 0.694045
      cell_rise positive_unate
            input_net_transition total_output_net_capacitance time
            0.005 0.0014 0.0515042
            0.005 0.019 0.0680559
            0.005 0.038 0.0824604
            0.005 0.077 0.110429
            0.005 0.15 0.161953
            0.005 0.31 0.274263
            0.005 0.61 0.484495
            0.035 0.0014 0.0751531
            0.035 0.019 0.0917961
            0.035 0.038 0.106238
            0.035 0.077 0.134266
            0.035 0.15 0.185834
            0.035 0.31 0.298155
            0.035 0.61 0.508343
            0.07 0.0014 0.0992574
            0.07 0.019 0.116435
            0.07 0.038 0.130988
            0.07 0.077 0.159071
            0.07 0.15 0.210628
            0.07 0.31 0.322993
            0.07 0.61 0.533247
            0.14 0.0014 0.14025
            0.14 0.019 0.158763
            0.14 0.038 0.173635
            0.14 0.077 0.201817
            0.14 0.15 0.253396
            0.14 0.31 0.365673
            0.14 0.61 0.575828
            0.28 0.0014 0.20878
            0.28 0.019 0.230109
            0.28 0.038 0.24585
            0.28 0.077 0.27434
            0.28 0.15 0.325897
            0.28 0.31 0.438119
            0.28 0.61 0.648098
            0.56 0.0014 0.321761
            0.56 0.019 0.348392
            0.56 0.038 0.366498
            0.56 0.077 0.396319
            0.56 0.15 0.447865
            0.56 0.31 0.559988
            0.56 0.61 0.769846
      fall_transition positive_unate
            input_net_transition total_output_net_capacitance time
            0.005 0.0014 0.021581
            0.005 0.019 0.036507
            0.005 0.038 0.051488
            0.005 0.077 0.082643
            0.005 0.15 0.14295
            0.005 0.31 0.27877
            0.005 0.61 0.53605
            0.035 0.0014 0.02167
            0.035 0.019 0.036592
            0.035 0.038 0.051582
            0.035 0.077 0.082686
            0.035 0.15 0.14296
            0.035 0.31 0.27878
            0.035 0.61 0.53606
            0.07 0.0014 0.022233
            0.07 0.019 0.036991
            0.07 0.038 0.051905
            0.07 0.077 0.082911
            0.07 0.15 0.14306
            0.07 0.31 0.27881
            0.07 0.61 0.53607
            0.14 0.0014 0.023715
            0.14 0.019 0.038388
            0.14 0.038 0.053131
            0.14 0.077 0.083842
            0.14 0.15 0.14363
            0.14 0.31 0.279
            0.14 0.61 0.53612
            0.28 0.0014 0.027036
            0.28 0.019 0.0414
            0.28 0.038 0.055789
            0.28 0.077 0.085896
            0.28 0.15 0.14497
            0.28 0.31 0.27975
            0.28 0.61 0.53644
            0.56 0.0014 0.034544
            0.56 0.019 0.04826
            0.56 0.038 0.061752
            0.56 0.077 0.090405
            0.56 0.15 0.14784
            0.56 0.31 0.28116
            0.56 0.61 0.53725
      rise_transition positive_unate
            input_net_transition total_output_net_capacitance time
            0.005 0.0014 0.014704
            0.005 0.019 0.03349
            0.005 0.038 0.054669
            0.005 0.077 0.09941
            0.005 0.15 0.18398
            0.005 0.31 0.36967
            0.005 0.61 0.71811
            0.035 0.0014 0.015174
            0.035 0.019 0.033704
            0.035 0.038 0.054736
            0.035 0.077 0.099435
            0.035 0.15 0.18399
            0.035 0.31 0.36969
            0.035 0.61 0.71812
            0.07 0.0014 0.016418
            0.07 0.019 0.03436
            0.07 0.038 0.05519
            0.07 0.077 0.099526
            0.07 0.15 0.184
            0.07 0.31 0.36979
            0.07 0.61 0.71813
            0.14 0.0014 0.019137
            0.14 0.019 0.036215
            0.14 0.038 0.056258
            0.14 0.077 0.10013
            0.14 0.15 0.18424
            0.14 0.31 0.3698
            0.14 0.61 0.7182
            0.28 0.0014 0.024314
            0.28 0.019 0.04034
            0.28 0.038 0.059044
            0.28 0.077 0.10149
            0.28 0.15 0.18478
            0.28 0.31 0.37018
            0.28 0.61 0.71835
            0.56 0.0014 0.034047
            0.56 0.019 0.049576
            0.56 0.038 0.066069
            0.56 0.077 0.10525
            0.56 0.15 0.18651
            0.56 0.31 0.37096
            0.56 0.61 0.71836  OR2X4
    area: 3.74
    A    <-  (0.00125)
    B    <-  (0.001232)
    Z    ->  (0.07) (A+B)	--- OR2
      cell_fall positive_unate
            input_net_transition total_output_net_capacitance time
            0.005 0.0014 0.1111
            0.005 0.009 0.154022
            0.005 0.018 0.194986
            0.005 0.035 0.268697
            0.005 0.07 0.419463
            0.035 0.0014 0.130295
            0.035 0.009 0.173283
            0.035 0.018 0.21428
            0.035 0.035 0.288079
            0.035 0.07 0.438724
            0.07 0.0014 0.150612
            0.07 0.009 0.193875
            0.07 0.018 0.23496
            0.07 0.035 0.308803
            0.07 0.07 0.459426
            0.14 0.0014 0.186934
            0.14 0.009 0.231066
            0.14 0.018 0.272481
            0.14 0.035 0.346401
            0.14 0.07 0.496837
            0.28 0.0014 0.249678
            0.28 0.009 0.295625
            0.28 0.018 0.337722
            0.28 0.035 0.41206
            0.28 0.07 0.562584
            0.56 0.0014 0.354783
            0.56 0.009 0.404624
            0.56 0.018 0.447953
            0.56 0.035 0.52294
            0.56 0.07 0.673695
      cell_rise positive_unate
            input_net_transition total_output_net_capacitance time
            0.005 0.0014 0.0692802
            0.005 0.009 0.112651
            0.005 0.018 0.161326
            0.005 0.035 0.252835
            0.005 0.07 0.440473
            0.035 0.0014 0.0926387
            0.035 0.009 0.136202
            0.035 0.018 0.184943
            0.035 0.035 0.276474
            0.035 0.07 0.464156
            0.07 0.0014 0.117051
            0.07 0.009 0.16093
            0.07 0.018 0.209605
            0.07 0.035 0.300938
            0.07 0.07 0.488906
            0.14 0.0014 0.158939
            0.14 0.009 0.203654
            0.14 0.018 0.252384
            0.14 0.035 0.343706
            0.14 0.07 0.5313
            0.28 0.0014 0.229185
            0.28 0.009 0.275902
            0.28 0.018 0.324808
            0.28 0.035 0.416119
            0.28 0.07 0.603724
            0.56 0.0014 0.34518
            0.56 0.009 0.396935
            0.56 0.018 0.446248
            0.56 0.035 0.537614
            0.56 0.07 0.725208
      fall_transition positive_unate
            input_net_transition total_output_net_capacitance time
            0.005 0.0014 0.033242
            0.005 0.009 0.08262
            0.005 0.018 0.1431
            0.005 0.035 0.26033
            0.005 0.07 0.50476
            0.035 0.0014 0.033316
            0.035 0.009 0.08263
            0.035 0.018 0.14315
            0.035 0.035 0.26034
            0.035 0.07 0.50493
            0.07 0.0014 0.033761
            0.07 0.009 0.082861
            0.07 0.018 0.14323
            0.07 0.035 0.26035
            0.07 0.07 0.50494
            0.14 0.0014 0.035081
            0.14 0.009 0.083799
            0.14 0.018 0.14369
            0.14 0.035 0.26054
            0.14 0.07 0.50497
            0.28 0.0014 0.037981
            0.28 0.009 0.086038
            0.28 0.018 0.14531
            0.28 0.035 0.2613
            0.28 0.07 0.50533
            0.56 0.0014 0.044588
            0.56 0.009 0.090488
            0.56 0.018 0.14809
            0.56 0.035 0.26297
            0.56 0.07 0.50624
      rise_transition positive_unate
            input_net_transition total_output_net_capacitance time
            0.005 0.0014 0.027978
            0.005 0.009 0.093506
            0.005 0.018 0.1733
            0.005 0.035 0.32438
            0.005 0.07 0.63551
            0.035 0.0014 0.028206
            0.035 0.009 0.093568
            0.035 0.018 0.17338
            0.035 0.035 0.32449
            0.035 0.07 0.63552
            0.07 0.0014 0.029054
            0.07 0.009 0.093814
            0.07 0.018 0.17361
            0.07 0.035 0.32458
            0.07 0.07 0.63572
            0.14 0.0014 0.031038
            0.14 0.009 0.094194
            0.14 0.018 0.17371
            0.14 0.035 0.32467
            0.14 0.07 0.63573
            0.28 0.0014 0.035238
            0.28 0.009 0.095695
            0.28 0.018 0.17411
            0.28 0.035 0.32483
            0.28 0.07 0.63574
            0.56 0.0014 0.044037
            0.56 0.009 0.099617
            0.56 0.018 0.17616
            0.56 0.035 0.3259
            0.56 0.07 0.63618  OR2X9
    area: 3.74
    A    <-  (0.001581)
    B    <-  (0.001417)
    Z    ->  (0.16) (A+B)	--- OR2
      cell_fall positive_unate
            input_net_transition total_output_net_capacitance time
            0.005 0.0014 0.102255
            0.005 0.0098 0.131703
            0.005 0.02 0.158411
            0.005 0.039 0.203302
            0.005 0.079 0.294668
            0.005 0.16 0.47861
            0.035 0.0014 0.121869
            0.035 0.0098 0.151327
            0.035 0.02 0.178046
            0.035 0.039 0.222959
            0.035 0.079 0.314358
            0.035 0.16 0.498223
            0.07 0.0014 0.142538
            0.07 0.0098 0.172227
            0.07 0.02 0.199056
            0.07 0.039 0.244046
            0.07 0.079 0.335467
            0.07 0.16 0.519442
            0.14 0.0014 0.179333
            0.14 0.0098 0.209814
            0.14 0.02 0.237006
            0.14 0.039 0.28226
            0.14 0.079 0.373747
            0.14 0.16 0.557469
            0.28 0.0014 0.242792
            0.28 0.0098 0.274945
            0.28 0.02 0.302896
            0.28 0.039 0.348722
            0.28 0.079 0.440473
            0.28 0.16 0.624294
            0.56 0.0014 0.348942
            0.56 0.0098 0.384791
            0.56 0.02 0.414227
            0.56 0.039 0.461065
            0.56 0.079 0.5533
            0.56 0.16 0.737264
      cell_rise positive_unate
            input_net_transition total_output_net_capacitance time
            0.005 0.0014 0.060665
            0.005 0.0098 0.0883333
            0.005 0.02 0.118459
            0.005 0.039 0.173844
            0.005 0.079 0.289971
            0.005 0.16 0.52426
            0.035 0.0014 0.0841368
            0.035 0.0098 0.111925
            0.035 0.02 0.14212
            0.035 0.039 0.197582
            0.035 0.079 0.313566
            0.035 0.16 0.548075
            0.07 0.0014 0.108409
            0.07 0.0098 0.136576
            0.07 0.02 0.166859
            0.07 0.039 0.222244
            0.07 0.079 0.338316
            0.07 0.16 0.572759
            0.14 0.0014 0.149897
            0.14 0.0098 0.179113
            0.14 0.02 0.209528
            0.14 0.039 0.264891
            0.14 0.079 0.380842
            0.14 0.16 0.615153
            0.28 0.0014 0.219329
            0.28 0.0098 0.251031
            0.28 0.02 0.281765
            0.28 0.039 0.337249
            0.28 0.079 0.453123
            0.28 0.16 0.687445
            0.56 0.0014 0.333828
            0.56 0.0098 0.371173
            0.56 0.02 0.403117
            0.56 0.039 0.458678
            0.56 0.079 0.574607
            0.56 0.16 0.808797
      fall_transition positive_unate
            input_net_transition total_output_net_capacitance time
            0.005 0.0014 0.027456
            0.005 0.0098 0.056788
            0.005 0.02 0.092143
            0.005 0.039 0.16007
            0.005 0.079 0.3071
            0.005 0.16 0.60723
            0.035 0.0014 0.027558
            0.035 0.0098 0.056805
            0.035 0.02 0.092193
            0.035 0.039 0.16008
            0.035 0.079 0.30711
            0.035 0.16 0.60742
            0.07 0.0014 0.028032
            0.07 0.0098 0.057178
            0.07 0.02 0.092413
            0.07 0.039 0.16012
            0.07 0.079 0.30712
            0.07 0.16 0.60743
            0.14 0.0014 0.029446
            0.14 0.0098 0.058244
            0.14 0.02 0.093256
            0.14 0.039 0.16078
            0.14 0.079 0.30732
            0.14 0.16 0.60752
            0.28 0.0014 0.032533
            0.28 0.0098 0.060803
            0.28 0.02 0.095206
            0.28 0.039 0.16207
            0.28 0.079 0.30809
            0.28 0.16 0.60777
            0.56 0.0014 0.039441
            0.56 0.0098 0.066334
            0.56 0.02 0.099414
            0.56 0.039 0.16484
            0.56 0.079 0.3094
            0.56 0.16 0.60875
      rise_transition positive_unate
            input_net_transition total_output_net_capacitance time
            0.005 0.0014 0.020849
            0.005 0.0098 0.059181
            0.005 0.02 0.10788
            0.005 0.039 0.19894
            0.005 0.079 0.3909
            0.005 0.16 0.77983
            0.035 0.0014 0.021218
            0.035 0.0098 0.0593
            0.035 0.02 0.10789
            0.035 0.039 0.19895
            0.035 0.079 0.39091
            0.035 0.16 0.77984
            0.07 0.0014 0.022211
            0.07 0.0098 0.059599
            0.07 0.02 0.10805
            0.07 0.039 0.19896
            0.07 0.079 0.39092
            0.07 0.16 0.7799
            0.14 0.0014 0.0245
            0.14 0.0098 0.060641
            0.14 0.02 0.1084
            0.14 0.039 0.19903
            0.14 0.079 0.39093
            0.14 0.16 0.77993
            0.28 0.0014 0.029314
            0.28 0.0098 0.063211
            0.28 0.02 0.10978
            0.28 0.039 0.19968
            0.28 0.079 0.39115
            0.28 0.16 0.77994
            0.56 0.0014 0.038728
            0.56 0.0098 0.069411
            0.56 0.02 0.11284
            0.56 0.039 0.20124
            0.56 0.079 0.39209
            0.56 0.16 0.78038