  XORS2X12
    area: 7.49
    A    <-  (0.005574)
    B    <-  (0.005749)
    Z    ->  (0.21) (!A*B+A*!B)	--- XOR2
      cell_fall
            input_net_transition total_output_net_capacitance time
            0.005 0.0014 0.117656
            0.005 0.013 0.13717
            0.005 0.026 0.155958
            0.005 0.053 0.192269
            0.005 0.11 0.26642
            0.005 0.21 0.458568
            0.035 0.0014 0.137698
            0.035 0.013 0.157454
            0.035 0.026 0.176352
            0.035 0.053 0.212718
            0.035 0.11 0.28688
            0.035 0.21 0.481734
            0.07 0.0014 0.158785
            0.07 0.013 0.178838
            0.07 0.026 0.197912
            0.07 0.053 0.234388
            0.07 0.11 0.308594
            0.07 0.21 0.507309
            0.14 0.0014 0.196702
            0.14 0.013 0.217382
            0.14 0.026 0.236819
            0.14 0.053 0.273636
            0.14 0.11 0.35123
            0.14 0.21 0.55803
            0.28 0.0014 0.262746
            0.28 0.013 0.284548
            0.28 0.026 0.304667
            0.28 0.053 0.342122
            0.28 0.11 0.44561
            0.28 0.21 0.657822
            0.56 0.0014 0.374429
            0.56 0.013 0.398332
            0.56 0.026 0.419628
            0.56 0.053 0.462561
            0.56 0.11 0.614559
            0.56 0.21 0.844811
      cell_rise
            input_net_transition total_output_net_capacitance time
            0.005 0.0014 0.0847924
            0.005 0.013 0.118723
            0.005 0.026 0.155826
            0.005 0.053 0.233101
            0.005 0.11 0.39655
            0.005 0.21 0.683518
            0.035 0.0014 0.108263
            0.035 0.013 0.14267
            0.035 0.026 0.180092
            0.035 0.053 0.257499
            0.035 0.11 0.420827
            0.035 0.21 0.707762
            0.07 0.0014 0.132814
            0.07 0.013 0.167354
            0.07 0.026 0.204875
            0.07 0.053 0.282447
            0.07 0.11 0.445995
            0.07 0.21 0.732974
            0.14 0.0014 0.17534
            0.14 0.013 0.210111
            0.14 0.026 0.247698
            0.14 0.053 0.325347
            0.14 0.11 0.488928
            0.14 0.21 0.776138
            0.28 0.0014 0.247181
            0.28 0.013 0.282656
            0.28 0.026 0.320375
            0.28 0.053 0.398035
            0.28 0.11 0.561671
            0.28 0.21 0.84876
            0.56 0.0014 0.366531
            0.56 0.013 0.404107
            0.56 0.026 0.442178
            0.56 0.053 0.520036
            0.56 0.11 0.711524
            0.56 0.21 1.02179
      fall_transition
            input_net_transition total_output_net_capacitance time
            0.005 0.0014 0.033193
            0.005 0.013 0.060333
            0.005 0.026 0.10258
            0.005 0.053 0.19007
            0.005 0.11 0.37467
            0.005 0.21 0.69849
            0.035 0.0014 0.033308
            0.035 0.013 0.061449
            0.035 0.026 0.10307
            0.035 0.053 0.19031
            0.035 0.11 0.37492
            0.035 0.21 0.69886
            0.07 0.0014 0.033682
            0.07 0.013 0.065111
            0.07 0.026 0.10573
            0.07 0.053 0.19154
            0.07 0.11 0.37517
            0.07 0.21 0.69887
            0.14 0.0014 0.037472
            0.14 0.013 0.074196
            0.14 0.026 0.11418
            0.14 0.053 0.19769
            0.14 0.11 0.37792
            0.14 0.21 0.69959
            0.28 0.0014 0.055885
            0.28 0.013 0.093526
            0.28 0.026 0.13364
            0.28 0.053 0.21568
            0.28 0.11 0.39093
            0.28 0.21 0.70594
            0.56 0.0014 0.093128
            0.56 0.013 0.13402
            0.56 0.026 0.17437
            0.56 0.053 0.25629
            0.56 0.11 0.42824
            0.56 0.21 0.73429
      rise_transition
            input_net_transition total_output_net_capacitance time
            0.005 0.0014 0.0393
            0.005 0.013 0.093207
            0.005 0.026 0.15296
            0.005 0.053 0.27618
            0.005 0.11 0.53681
            0.005 0.21 0.99363
            0.035 0.0014 0.0416
            0.035 0.013 0.093865
            0.035 0.026 0.15324
            0.035 0.053 0.27647
            0.035 0.11 0.53682
            0.035 0.21 0.99364
            0.07 0.0014 0.047019
            0.07 0.013 0.09825
            0.07 0.026 0.15587
            0.07 0.053 0.27746
            0.07 0.11 0.53683
            0.07 0.21 0.99365
            0.14 0.0014 0.058347
            0.14 0.013 0.11008
            0.14 0.026 0.16623
            0.14 0.053 0.28388
            0.14 0.11 0.53892
            0.14 0.21 0.99394
            0.28 0.0014 0.080264
            0.28 0.013 0.13509
            0.28 0.026 0.19166
            0.28 0.053 0.30657
            0.28 0.11 0.55306
            0.28 0.21 0.99943
            0.56 0.0014 0.11934
            0.56 0.013 0.18279
            0.56 0.026 0.24224
            0.56 0.053 0.3592
            0.56 0.11 0.59959
            0.56 0.21 1.0299
  XORS2X17
    area: 11.9
    A    <-  (0.009082)
    B    <-  (0.008109)
    Z    ->  (0.3) (!A*B+A*!B)	--- XOR2
      cell_fall
            input_net_transition total_output_net_capacitance time
            0.005 0.0014 0.105466
            0.005 0.019 0.124036
            0.005 0.037 0.140503
            0.005 0.074 0.172304
            0.005 0.15 0.235862
            0.005 0.3 0.438889
            0.035 0.0014 0.125235
            0.035 0.019 0.1441
            0.035 0.037 0.160677
            0.035 0.074 0.192544
            0.035 0.15 0.256223
            0.035 0.3 0.462396
            0.07 0.0014 0.145948
            0.07 0.019 0.165187
            0.07 0.037 0.181951
            0.07 0.074 0.213961
            0.07 0.15 0.281952
            0.07 0.3 0.488114
            0.14 0.0014 0.182908
            0.14 0.019 0.202873
            0.14 0.037 0.220011
            0.14 0.074 0.252373
            0.14 0.15 0.332156
            0.14 0.3 0.539275
            0.28 0.0014 0.246763
            0.28 0.019 0.267971
            0.28 0.037 0.285769
            0.28 0.074 0.318791
            0.28 0.15 0.426074
            0.28 0.3 0.639595
            0.56 0.0014 0.353925
            0.56 0.019 0.377443
            0.56 0.037 0.396407
            0.56 0.074 0.454465
            0.56 0.15 0.593241
            0.56 0.3 0.826661
      cell_rise
            input_net_transition total_output_net_capacitance time
            0.005 0.0014 0.0789503
            0.005 0.019 0.112497
            0.005 0.037 0.146135
            0.005 0.074 0.215622
            0.005 0.15 0.359304
            0.005 0.3 0.643511
            0.035 0.0014 0.102096
            0.035 0.019 0.136246
            0.035 0.037 0.170258
            0.035 0.074 0.239932
            0.035 0.15 0.383526
            0.035 0.3 0.667447
            0.07 0.0014 0.126192
            0.07 0.019 0.160479
            0.07 0.037 0.194634
            0.07 0.074 0.264572
            0.07 0.15 0.408243
            0.07 0.3 0.692406
            0.14 0.0014 0.167816
            0.14 0.019 0.202356
            0.14 0.037 0.236588
            0.14 0.074 0.306614
            0.14 0.15 0.450417
            0.14 0.3 0.73469
            0.28 0.0014 0.238073
            0.28 0.019 0.273328
            0.28 0.037 0.30767
            0.28 0.074 0.377784
            0.28 0.15 0.521686
            0.28 0.3 0.805805
            0.56 0.0014 0.354552
            0.56 0.019 0.392029
            0.56 0.037 0.426734
            0.56 0.074 0.49709
            0.56 0.15 0.679613
            0.56 0.3 0.992464
      fall_transition
            input_net_transition total_output_net_capacitance time
            0.005 0.0014 0.028896
            0.005 0.019 0.058465
            0.005 0.037 0.097365
            0.005 0.074 0.17714
            0.005 0.15 0.34108
            0.005 0.3 0.66447
            0.035 0.0014 0.029031
            0.035 0.019 0.05954
            0.035 0.037 0.0979
            0.035 0.074 0.17732
            0.035 0.15 0.34132
            0.035 0.3 0.665
            0.07 0.0014 0.029411
            0.07 0.019 0.063133
            0.07 0.037 0.10066
            0.07 0.074 0.1787
            0.07 0.15 0.34158
            0.07 0.3 0.66504
            0.14 0.0014 0.034673
            0.14 0.019 0.072231
            0.14 0.037 0.10911
            0.14 0.074 0.18526
            0.14 0.15 0.34476
            0.14 0.3 0.66573
            0.28 0.0014 0.052515
            0.28 0.019 0.091456
            0.28 0.037 0.12858
            0.28 0.074 0.20369
            0.28 0.15 0.35881
            0.28 0.3 0.67273
            0.56 0.0014 0.088823
            0.56 0.019 0.13157
            0.56 0.037 0.16917
            0.56 0.074 0.24453
            0.56 0.15 0.39728
            0.56 0.3 0.70225
      rise_transition
            input_net_transition total_output_net_capacitance time
            0.005 0.0014 0.036262
            0.005 0.019 0.090589
            0.005 0.037 0.14544
            0.005 0.074 0.25808
            0.005 0.15 0.48882
            0.005 0.3 0.94445
            0.035 0.0014 0.038527
            0.035 0.019 0.091469
            0.035 0.037 0.14586
            0.035 0.074 0.25814
            0.035 0.15 0.48902
            0.035 0.3 0.94496
            0.07 0.0014 0.043936
            0.07 0.019 0.095677
            0.07 0.037 0.14862
            0.07 0.074 0.25926
            0.07 0.15 0.48934
            0.07 0.3 0.94502
            0.14 0.0014 0.054998
            0.14 0.019 0.10758
            0.14 0.037 0.1592
            0.14 0.074 0.26615
            0.14 0.15 0.49156
            0.14 0.3 0.94538
            0.28 0.0014 0.07639
            0.28 0.019 0.13253
            0.28 0.037 0.18473
            0.28 0.074 0.28957
            0.28 0.15 0.50712
            0.28 0.3 0.95085
            0.56 0.0014 0.11469
            0.56 0.019 0.17994
            0.56 0.037 0.23522
            0.56 0.074 0.34227
            0.56 0.15 0.55579
            0.56 0.3 0.98387
  XORS2X23
    area: 15
    A    <-  (0.01172)
    B    <-  (0.010363)
    Z    ->  (0.4) (!A*B+A*!B)	--- XOR2
      cell_fall
            input_net_transition total_output_net_capacitance time
            0.005 0.0014 0.104619
            0.005 0.025 0.123211
            0.005 0.05 0.140217
            0.005 0.1 0.172106
            0.005 0.2 0.234135
            0.005 0.4 0.434049
            0.035 0.0014 0.124641
            0.035 0.025 0.143506
            0.035 0.05 0.160622
            0.035 0.1 0.192577
            0.035 0.2 0.25465
            0.035 0.4 0.457556
            0.07 0.0014 0.145585
            0.07 0.025 0.164824
            0.07 0.05 0.182105
            0.07 0.1 0.214192
            0.07 0.2 0.279455
            0.07 0.4 0.483428
            0.14 0.0014 0.182963
            0.14 0.025 0.202873
            0.14 0.05 0.22055
            0.14 0.1 0.252967
            0.14 0.2 0.329626
            0.14 0.4 0.534446
            0.28 0.0014 0.247566
            0.28 0.025 0.26873
            0.28 0.05 0.287045
            0.28 0.1 0.320089
            0.28 0.2 0.423423
            0.28 0.4 0.634678
            0.56 0.0014 0.35607
            0.56 0.025 0.379544
            0.56 0.05 0.399047
            0.56 0.1 0.454696
            0.56 0.2 0.590227
            0.56 0.4 0.821436
      cell_rise
            input_net_transition total_output_net_capacitance time
            0.005 0.0014 0.0780516
            0.005 0.025 0.112244
            0.005 0.05 0.147664
            0.005 0.1 0.218856
            0.005 0.2 0.361768
            0.005 0.4 0.648131
            0.035 0.0014 0.101318
            0.035 0.025 0.136015
            0.035 0.05 0.171809
            0.035 0.1 0.243122
            0.035 0.2 0.385891
            0.035 0.4 0.672342
            0.07 0.0014 0.125444
            0.07 0.025 0.160281
            0.07 0.05 0.196229
            0.07 0.1 0.267718
            0.07 0.2 0.410641
            0.07 0.4 0.697081
            0.14 0.0014 0.167145
            0.14 0.025 0.202169
            0.14 0.05 0.23815
            0.14 0.1 0.309793
            0.14 0.2 0.452903
            0.14 0.4 0.739299
            0.28 0.0014 0.237446
            0.28 0.025 0.273229
            0.28 0.05 0.309298
            0.28 0.1 0.380996
            0.28 0.2 0.524139
            0.28 0.4 0.810458
            0.56 0.0014 0.354057
            0.56 0.025 0.392095
            0.56 0.05 0.428494
            0.56 0.1 0.502755
            0.56 0.2 0.683727
            0.56 0.4 0.998932
      fall_transition
            input_net_transition total_output_net_capacitance time
            0.005 0.0014 0.02857
            0.005 0.025 0.05792
            0.005 0.05 0.097919
            0.005 0.1 0.17786
            0.005 0.2 0.33779
            0.005 0.4 0.65765
            0.035 0.0014 0.028675
            0.035 0.025 0.059024
            0.035 0.05 0.098442
            0.035 0.1 0.17805
            0.035 0.2 0.33806
            0.035 0.4 0.65803
            0.07 0.0014 0.029056
            0.07 0.025 0.06267
            0.07 0.05 0.10117
            0.07 0.1 0.17945
            0.07 0.2 0.33838
            0.07 0.4 0.65804
            0.14 0.0014 0.034307
            0.14 0.025 0.071656
            0.14 0.05 0.10968
            0.14 0.1 0.18591
            0.14 0.2 0.34163
            0.14 0.4 0.65879
            0.28 0.0014 0.052053
            0.28 0.025 0.090908
            0.28 0.05 0.12923
            0.28 0.1 0.20439
            0.28 0.2 0.3558
            0.28 0.4 0.66602
            0.56 0.0014 0.088208
            0.56 0.025 0.13101
            0.56 0.05 0.16982
            0.56 0.1 0.24524
            0.56 0.2 0.39429
            0.56 0.4 0.6957
      rise_transition
            input_net_transition total_output_net_capacitance time
            0.005 0.0014 0.036338
            0.005 0.025 0.091358
            0.005 0.05 0.14915
            0.005 0.1 0.26415
            0.005 0.2 0.4944
            0.005 0.4 0.95452
            0.035 0.0014 0.038651
            0.035 0.025 0.092339
            0.035 0.05 0.14934
            0.035 0.1 0.26427
            0.035 0.2 0.49448
            0.035 0.4 0.95453
            0.07 0.0014 0.044051
            0.07 0.025 0.096557
            0.07 0.05 0.15209
            0.07 0.1 0.26524
            0.07 0.2 0.49457
            0.07 0.4 0.95454
            0.14 0.0014 0.055126
            0.14 0.025 0.10852
            0.14 0.05 0.16262
            0.14 0.1 0.27218
            0.14 0.2 0.49719
            0.14 0.4 0.95455
            0.28 0.0014 0.076502
            0.28 0.025 0.13341
            0.28 0.05 0.18828
            0.28 0.1 0.29532
            0.28 0.2 0.51218
            0.28 0.4 0.96
            0.56 0.0014 0.11475
            0.56 0.025 0.18089
            0.56 0.05 0.23877
            0.56 0.1 0.34803
            0.56 0.2 0.56054
            0.56 0.4 0.99283
  XORS2X3
    area: 4.99
    A    <-  (0.002338)
    B    <-  (0.002096)
    Z    ->  (0.053) (!A*B+A*!B)	--- XOR2
      cell_fall
            input_net_transition total_output_net_capacitance time
            0.005 0.0014 0.1287
            0.005 0.0066 0.157894
            0.005 0.013 0.190179
            0.005 0.026 0.253627
            0.005 0.053 0.466609
            0.035 0.0014 0.147235
            0.035 0.0066 0.176704
            0.035 0.013 0.209077
            0.035 0.026 0.272558
            0.035 0.053 0.489808
            0.07 0.0014 0.167079
            0.07 0.0066 0.196933
            0.07 0.013 0.229493
            0.07 0.026 0.29304
            0.07 0.053 0.515372
            0.14 0.0014 0.203049
            0.14 0.0066 0.233739
            0.14 0.013 0.266673
            0.14 0.026 0.342683
            0.14 0.053 0.565939
            0.28 0.0014 0.26565
            0.28 0.0066 0.297715
            0.28 0.013 0.331386
            0.28 0.026 0.436513
            0.28 0.053 0.665896
            0.56 0.0014 0.371404
            0.56 0.0066 0.405845
            0.56 0.013 0.464013
            0.56 0.026 0.603933
            0.56 0.053 0.853358
      cell_rise
            input_net_transition total_output_net_capacitance time
            0.005 0.0014 0.102991
            0.005 0.0066 0.157432
            0.005 0.013 0.224565
            0.005 0.026 0.36201
            0.005 0.053 0.647812
            0.035 0.0014 0.125928
            0.035 0.0066 0.181247
            0.035 0.013 0.248743
            0.035 0.026 0.386221
            0.035 0.053 0.672001
            0.07 0.0014 0.150029
            0.07 0.0066 0.205568
            0.07 0.013 0.273174
            0.07 0.026 0.410542
            0.07 0.053 0.696905
            0.14 0.0014 0.191961
            0.14 0.0066 0.247709
            0.14 0.013 0.315458
            0.14 0.026 0.452903
            0.14 0.053 0.738793
            0.28 0.0014 0.262988
            0.28 0.0066 0.319176
            0.28 0.013 0.386991
            0.28 0.026 0.524568
            0.28 0.053 0.810392
            0.56 0.0014 0.381282
            0.56 0.0066 0.438702
            0.56 0.013 0.506781
            0.56 0.026 0.669163
            0.56 0.053 0.986579
      fall_transition
            input_net_transition total_output_net_capacitance time
            0.005 0.0014 0.042352
            0.005 0.0066 0.10686
            0.005 0.013 0.18968
            0.005 0.026 0.35787
            0.005 0.053 0.70649
            0.035 0.0014 0.042419
            0.035 0.0066 0.10717
            0.035 0.013 0.1899
            0.035 0.026 0.35819
            0.035 0.053 0.70714
            0.07 0.0014 0.045011
            0.07 0.0066 0.1098
            0.07 0.013 0.19106
            0.07 0.026 0.35843
            0.07 0.053 0.70715
            0.14 0.0014 0.054102
            0.14 0.0066 0.11816
            0.14 0.013 0.19717
            0.14 0.026 0.36137
            0.14 0.053 0.70738
            0.28 0.0014 0.07309
            0.28 0.0066 0.13781
            0.28 0.013 0.21564
            0.28 0.026 0.37502
            0.28 0.053 0.71417
            0.56 0.0014 0.11243
            0.56 0.0066 0.17866
            0.56 0.013 0.25637
            0.56 0.026 0.41315
            0.56 0.053 0.74217
      rise_transition
            input_net_transition total_output_net_capacitance time
            0.005 0.0014 0.059477
            0.005 0.0066 0.14953
            0.005 0.013 0.25938
            0.005 0.026 0.48293
            0.005 0.053 0.94451
            0.035 0.0014 0.061006
            0.035 0.0066 0.14964
            0.035 0.013 0.2598
            0.035 0.026 0.48324
            0.035 0.053 0.94612
            0.07 0.0014 0.066197
            0.07 0.0066 0.15241
            0.07 0.013 0.26072
            0.07 0.026 0.48325
            0.07 0.053 0.94613
            0.14 0.0014 0.078178
            0.14 0.0066 0.16287
            0.14 0.013 0.26747
            0.14 0.026 0.48588
            0.14 0.053 0.94614
            0.28 0.0014 0.10192
            0.28 0.0066 0.18848
            0.28 0.013 0.29083
            0.28 0.026 0.5016
            0.28 0.053 0.95231
            0.56 0.0014 0.14605
            0.56 0.0066 0.23923
            0.56 0.013 0.34351
            0.56 0.026 0.5496
            0.56 0.053 0.98468
  XORS2X6
    area: 4.99
    A    <-  (0.003226)
    B    <-  (0.003017)
    Z    ->  (0.11) (!A*B+A*!B)	--- XOR2
      cell_fall
            input_net_transition total_output_net_capacitance time
            0.005 0.0014 0.117755
            0.005 0.0066 0.13497
            0.005 0.013 0.153747
            0.005 0.026 0.189684
            0.005 0.053 0.262471
            0.005 0.11 0.510136
            0.035 0.0014 0.137214
            0.035 0.0066 0.154649
            0.035 0.013 0.173558
            0.035 0.026 0.20955
            0.035 0.053 0.28413
            0.035 0.11 0.533533
            0.07 0.0014 0.157619
            0.07 0.0066 0.175373
            0.07 0.013 0.194458
            0.07 0.026 0.230593
            0.07 0.053 0.309782
            0.07 0.11 0.559713
            0.14 0.0014 0.194293
            0.14 0.0066 0.212641
            0.14 0.013 0.232144
            0.14 0.026 0.26862
            0.14 0.053 0.360668
            0.14 0.11 0.611105
            0.28 0.0014 0.257928
            0.28 0.0066 0.277299
            0.28 0.013 0.297484
            0.28 0.026 0.33462
            0.28 0.053 0.456797
            0.28 0.11 0.712965
            0.56 0.0014 0.365123
            0.56 0.0066 0.386298
            0.56 0.013 0.407627
            0.56 0.026 0.47707
            0.56 0.053 0.629222
            0.56 0.11 0.905542
      cell_rise
            input_net_transition total_output_net_capacitance time
            0.005 0.0014 0.0907984
            0.005 0.0066 0.120802
            0.005 0.013 0.157421
            0.005 0.026 0.232265
            0.005 0.053 0.388718
            0.005 0.11 0.720115
            0.035 0.0014 0.114125
            0.035 0.0066 0.144727
            0.035 0.013 0.181753
            0.035 0.026 0.256751
            0.035 0.053 0.413039
            0.035 0.11 0.744205
            0.07 0.0014 0.1386
            0.07 0.0066 0.169389
            0.07 0.013 0.206547
            0.07 0.026 0.281754
            0.07 0.053 0.438339
            0.07 0.11 0.769307
            0.14 0.0014 0.181093
            0.14 0.0066 0.212124
            0.14 0.013 0.249326
            0.14 0.026 0.324665
            0.14 0.053 0.481151
            0.14 0.11 0.812361
            0.28 0.0014 0.253011
            0.28 0.0066 0.284537
            0.28 0.013 0.321904
            0.28 0.026 0.397375
            0.28 0.053 0.553949
            0.28 0.11 0.884818
            0.56 0.0014 0.372823
            0.56 0.0066 0.405856
            0.56 0.013 0.443663
            0.56 0.026 0.519332
            0.56 0.053 0.710721
            0.56 0.11 1.07142
      fall_transition
            input_net_transition total_output_net_capacitance time
            0.005 0.0014 0.036078
            0.005 0.0066 0.064586
            0.005 0.013 0.10873
            0.005 0.026 0.19824
            0.005 0.053 0.38387
            0.005 0.11 0.77573
            0.035 0.0014 0.03619
            0.035 0.0066 0.065593
            0.035 0.013 0.10907
            0.035 0.026 0.19833
            0.035 0.053 0.38405
            0.035 0.11 0.77622
            0.07 0.0014 0.036552
            0.07 0.0066 0.069085
            0.07 0.013 0.1117
            0.07 0.026 0.19958
            0.07 0.053 0.38447
            0.07 0.11 0.77641
            0.14 0.0014 0.043482
            0.14 0.0066 0.078151
            0.14 0.013 0.12001
            0.14 0.026 0.20565
            0.14 0.053 0.38721
            0.14 0.11 0.77683
            0.28 0.0014 0.061949
            0.28 0.0066 0.097693
            0.28 0.013 0.13957
            0.28 0.026 0.2237
            0.28 0.053 0.39992
            0.28 0.11 0.78239
            0.56 0.0014 0.10017
            0.56 0.0066 0.13792
            0.56 0.013 0.1804
            0.56 0.026 0.2644
            0.56 0.053 0.43759
            0.56 0.11 0.80881
      rise_transition
            input_net_transition total_output_net_capacitance time
            0.005 0.0014 0.046462
            0.005 0.0066 0.09581
            0.005 0.013 0.15597
            0.005 0.026 0.27808
            0.005 0.053 0.53048
            0.005 0.11 1.0631
            0.035 0.0014 0.048352
            0.035 0.0066 0.096444
            0.035 0.013 0.15627
            0.035 0.026 0.27809
            0.035 0.053 0.53062
            0.035 0.11 1.0633
            0.07 0.0014 0.053716
            0.07 0.0066 0.10048
            0.07 0.013 0.1588
            0.07 0.026 0.27876
            0.07 0.053 0.53063
            0.07 0.11 1.0635
            0.14 0.0014 0.065326
            0.14 0.0066 0.11243
            0.14 0.013 0.16895
            0.14 0.026 0.28522
            0.14 0.053 0.53293
            0.14 0.11 1.0637
            0.28 0.0014 0.088059
            0.28 0.0066 0.13751
            0.28 0.013 0.19447
            0.28 0.026 0.30786
            0.28 0.053 0.54692
            0.28 0.11 1.0682
            0.56 0.0014 0.12982
            0.56 0.0066 0.18567
            0.56 0.013 0.24541
            0.56 0.026 0.36056
            0.56 0.053 0.59409
            0.56 0.11 1.0969
  XOR2X18
    area: 8.11
    A    <-  (0.002344)
    B    <-  (0.004428)
    Z    ->  (0.32) (!A*B+A*!B)	--- XOR2
      cell_fall
            input_net_transition total_output_net_capacitance time
            0.005 0.0014 0.135564
            0.005 0.02 0.172645
            0.005 0.039 0.198066
            0.005 0.079 0.244299
            0.005 0.16 0.331848
            0.005 0.32 0.502524
            0.035 0.0014 0.158268
            0.035 0.02 0.195349
            0.035 0.039 0.22077
            0.035 0.079 0.267003
            0.035 0.16 0.354596
            0.035 0.32 0.525415
            0.07 0.0014 0.180818
            0.07 0.02 0.217888
            0.07 0.039 0.24332
            0.07 0.079 0.289564
            0.07 0.16 0.377146
            0.07 0.32 0.547965
            0.14 0.0014 0.219307
            0.14 0.02 0.256377
            0.14 0.039 0.28182
            0.14 0.079 0.328075
            0.14 0.16 0.415657
            0.14 0.32 0.58641
            0.28 0.0014 0.285626
            0.28 0.02 0.326238
            0.28 0.039 0.352968
            0.28 0.079 0.400433
            0.28 0.16 0.488675
            0.28 0.32 0.65934
            0.56 0.0014 0.412368
            0.56 0.02 0.457501
            0.56 0.039 0.485793
            0.56 0.079 0.534666
            0.56 0.16 0.62359
            0.56 0.32 0.794431
      cell_rise
            input_net_transition total_output_net_capacitance time
            0.005 0.0014 0.1265
            0.005 0.02 0.163922
            0.005 0.039 0.192907
            0.005 0.079 0.25036
            0.005 0.16 0.365112
            0.005 0.32 0.591283
            0.035 0.0014 0.148753
            0.035 0.02 0.186175
            0.035 0.039 0.215149
            0.035 0.079 0.27258
            0.035 0.16 0.387387
            0.035 0.32 0.613448
            0.07 0.0014 0.171413
            0.07 0.02 0.208835
            0.07 0.039 0.237831
            0.07 0.079 0.295284
            0.07 0.16 0.410025
            0.07 0.32 0.636229
            0.14 0.0014 0.209891
            0.14 0.02 0.247335
            0.14 0.039 0.276342
            0.14 0.079 0.333817
            0.14 0.16 0.448547
            0.14 0.32 0.674685
            0.28 0.0014 0.274197
            0.28 0.02 0.311718
            0.28 0.039 0.340736
            0.28 0.079 0.398233
            0.28 0.16 0.512875
            0.28 0.32 0.738793
            0.56 0.0014 0.395406
            0.56 0.02 0.443586
            0.56 0.039 0.475519
            0.56 0.079 0.534545
            0.56 0.16 0.649484
            0.56 0.32 0.875512
      fall_transition
            input_net_transition total_output_net_capacitance time
            0.005 0.0014 0.027769
            0.005 0.02 0.058808
            0.005 0.039 0.089016
            0.005 0.079 0.15444
            0.005 0.16 0.29207
            0.005 0.32 0.56918
            0.035 0.0014 0.027852
            0.035 0.02 0.058903
            0.035 0.039 0.089063
            0.035 0.079 0.15448
            0.035 0.16 0.29211
            0.035 0.32 0.56919
            0.07 0.0014 0.028285
            0.07 0.02 0.059156
            0.07 0.039 0.089225
            0.07 0.079 0.15452
            0.07 0.16 0.29212
            0.07 0.32 0.5692
            0.14 0.0014 0.029632
            0.14 0.02 0.060177
            0.14 0.039 0.090023
            0.14 0.079 0.155
            0.14 0.16 0.2923
            0.14 0.32 0.56921
            0.28 0.0014 0.032843
            0.28 0.02 0.062792
            0.28 0.039 0.092146
            0.28 0.079 0.15633
            0.28 0.16 0.29286
            0.28 0.32 0.56941
            0.56 0.0014 0.03954
            0.56 0.02 0.06835
            0.56 0.039 0.096764
            0.56 0.079 0.15951
            0.56 0.16 0.29439
            0.56 0.32 0.57003
      rise_transition
            input_net_transition total_output_net_capacitance time
            0.005 0.0014 0.023383
            0.005 0.02 0.063325
            0.005 0.039 0.10522
            0.005 0.079 0.19702
            0.005 0.16 0.38623
            0.005 0.32 0.76113
            0.035 0.0014 0.023511
            0.035 0.02 0.063444
            0.035 0.039 0.10531
            0.035 0.079 0.19703
            0.035 0.16 0.38624
            0.035 0.32 0.76131
            0.07 0.0014 0.024047
            0.07 0.02 0.063751
            0.07 0.039 0.10545
            0.07 0.079 0.19704
            0.07 0.16 0.38625
            0.07 0.32 0.76132
            0.14 0.0014 0.025663
            0.14 0.02 0.064695
            0.14 0.039 0.10616
            0.14 0.079 0.19735
            0.14 0.16 0.38626
            0.14 0.32 0.76133
            0.28 0.0014 0.029305
            0.28 0.02 0.067316
            0.28 0.039 0.10785
            0.28 0.079 0.1981
            0.28 0.16 0.38631
            0.28 0.32 0.76134
            0.56 0.0014 0.036926
            0.56 0.02 0.073175
            0.56 0.039 0.11188
            0.56 0.079 0.20004
            0.56 0.16 0.38701
            0.56 0.32 0.76154
  XOR2X27
    area: 12.5
    A    <-  (0.003638)
    B    <-  (0.006268)
    Z    ->  (0.47) (!A*B+A*!B)	--- XOR2
      cell_fall
            input_net_transition total_output_net_capacitance time
            0.005 0.0014 0.135124
            0.005 0.03 0.173965
            0.005 0.059 0.199925
            0.005 0.12 0.246983
            0.005 0.24 0.333575
            0.005 0.47 0.497299
            0.035 0.0014 0.157487
            0.035 0.03 0.196317
            0.035 0.059 0.222288
            0.035 0.12 0.269346
            0.035 0.24 0.355927
            0.035 0.47 0.519607
            0.07 0.0014 0.179553
            0.07 0.03 0.218383
            0.07 0.059 0.244354
            0.07 0.12 0.291412
            0.07 0.24 0.378026
            0.07 0.47 0.54186
            0.14 0.0014 0.217195
            0.14 0.03 0.256014
            0.14 0.059 0.281985
            0.14 0.12 0.329615
            0.14 0.24 0.416592
            0.14 0.47 0.580338
            0.28 0.0014 0.290147
            0.28 0.03 0.333102
            0.28 0.059 0.360514
            0.28 0.12 0.408947
            0.28 0.24 0.496276
            0.28 0.47 0.660055
            0.56 0.0014 0.416922
            0.56 0.03 0.46442
            0.56 0.059 0.493361
            0.56 0.12 0.543169
            0.56 0.24 0.631202
            0.56 0.47 0.795135
      cell_rise
            input_net_transition total_output_net_capacitance time
            0.005 0.0014 0.126291
            0.005 0.03 0.165616
            0.005 0.059 0.195239
            0.005 0.12 0.253682
            0.005 0.24 0.367048
            0.005 0.47 0.583825
            0.035 0.0014 0.148203
            0.035 0.03 0.187517
            0.035 0.059 0.217151
            0.035 0.12 0.275583
            0.035 0.24 0.38896
            0.035 0.47 0.60577
            0.07 0.0014 0.17039
            0.07 0.03 0.209715
            0.07 0.059 0.239349
            0.07 0.12 0.297803
            0.07 0.24 0.411158
            0.07 0.47 0.627902
            0.14 0.0014 0.207988
            0.14 0.03 0.247335
            0.14 0.059 0.276969
            0.14 0.12 0.335423
            0.14 0.24 0.4488
            0.14 0.47 0.665357
            0.28 0.0014 0.270798
            0.28 0.03 0.314303
            0.28 0.059 0.345312
            0.28 0.12 0.404492
            0.28 0.24 0.517957
            0.28 0.47 0.734569
            0.56 0.0014 0.399465
            0.56 0.03 0.450098
            0.56 0.059 0.482702
            0.56 0.12 0.542773
            0.56 0.24 0.656425
            0.56 0.47 0.873081
      fall_transition
            input_net_transition total_output_net_capacitance time
            0.005 0.0014 0.027857
            0.005 0.03 0.059626
            0.005 0.059 0.090231
            0.005 0.12 0.1566
            0.005 0.24 0.29237
            0.005 0.47 0.55801
            0.035 0.0014 0.027947
            0.035 0.03 0.059687
            0.035 0.059 0.090235
            0.035 0.12 0.15661
            0.035 0.24 0.2924
            0.035 0.47 0.55802
            0.07 0.0014 0.028345
            0.07 0.03 0.059888
            0.07 0.059 0.090359
            0.07 0.12 0.15668
            0.07 0.24 0.29241
            0.07 0.47 0.55803
            0.14 0.0014 0.02968
            0.14 0.03 0.060897
            0.14 0.059 0.091185
            0.14 0.12 0.15708
            0.14 0.24 0.29262
            0.14 0.47 0.55804
            0.28 0.0014 0.032766
            0.28 0.03 0.063365
            0.28 0.059 0.093222
            0.28 0.12 0.15841
            0.28 0.24 0.29329
            0.28 0.47 0.55819
            0.56 0.0014 0.039311
            0.56 0.03 0.068748
            0.56 0.059 0.097678
            0.56 0.12 0.1615
            0.56 0.24 0.29478
            0.56 0.47 0.55901
      rise_transition
            input_net_transition total_output_net_capacitance time
            0.005 0.0014 0.023683
            0.005 0.03 0.064278
            0.005 0.059 0.10672
            0.005 0.12 0.19972
            0.005 0.24 0.38655
            0.005 0.47 0.74599
            0.035 0.0014 0.023843
            0.035 0.03 0.064379
            0.035 0.059 0.10674
            0.035 0.12 0.19973
            0.035 0.24 0.38656
            0.035 0.47 0.74602
            0.07 0.0014 0.024375
            0.07 0.03 0.06464
            0.07 0.059 0.10687
            0.07 0.12 0.19974
            0.07 0.24 0.38657
            0.07 0.47 0.74603
            0.14 0.0014 0.025942
            0.14 0.03 0.06559
            0.14 0.059 0.1075
            0.14 0.12 0.20002
            0.14 0.24 0.38662
            0.14 0.47 0.74604
            0.28 0.0014 0.02954
            0.28 0.03 0.068052
            0.28 0.059 0.10917
            0.28 0.12 0.2008
            0.28 0.24 0.38663
            0.28 0.47 0.74605
            0.56 0.0014 0.037031
            0.56 0.03 0.073527
            0.56 0.059 0.113
            0.56 0.12 0.20263
            0.56 0.24 0.38752
            0.56 0.47 0.74642
  XOR2X35
    area: 13.7
    A    <-  (0.00447)
    B    <-  (0.007578)
    Z    ->  (0.61) (!A*B+A*!B)	--- XOR2
      cell_fall
            input_net_transition total_output_net_capacitance time
            0.005 0.0014 0.127644
            0.005 0.019 0.149358
            0.005 0.038 0.165011
            0.005 0.077 0.190817
            0.005 0.15 0.232397
            0.005 0.31 0.317394
            0.005 0.61 0.47432
            0.035 0.0014 0.149996
            0.035 0.019 0.17171
            0.035 0.038 0.187352
            0.035 0.077 0.213158
            0.035 0.15 0.254749
            0.035 0.31 0.339713
            0.035 0.61 0.496628
            0.07 0.0014 0.171831
            0.07 0.019 0.193534
            0.07 0.038 0.209187
            0.07 0.077 0.235004
            0.07 0.15 0.276595
            0.07 0.31 0.361592
            0.07 0.61 0.51854
            0.14 0.0014 0.210639
            0.14 0.019 0.233541
            0.14 0.038 0.249821
            0.14 0.077 0.276419
            0.14 0.15 0.318747
            0.14 0.31 0.404173
            0.14 0.61 0.561066
            0.28 0.0014 0.286374
            0.28 0.019 0.310651
            0.28 0.038 0.327591
            0.28 0.077 0.354937
            0.28 0.15 0.397892
            0.28 0.31 0.483703
            0.28 0.61 0.640563
            0.56 0.0014 0.413094
            0.56 0.019 0.440275
            0.56 0.038 0.458689
            0.56 0.077 0.487586
            0.56 0.15 0.531828
            0.56 0.31 0.618442
            0.56 0.61 0.775544
      cell_rise
            input_net_transition total_output_net_capacitance time
            0.005 0.0014 0.118602
            0.005 0.019 0.139865
            0.005 0.038 0.156475
            0.005 0.077 0.18612
            0.005 0.15 0.238161
            0.005 0.31 0.350493
            0.005 0.61 0.560659
            0.035 0.0014 0.140591
            0.035 0.019 0.161854
            0.035 0.038 0.178464
            0.035 0.077 0.208109
            0.035 0.15 0.260139
            0.035 0.31 0.372449
            0.035 0.61 0.582516
            0.07 0.0014 0.162657
            0.07 0.019 0.18392
            0.07 0.038 0.20053
            0.07 0.077 0.230186
            0.07 0.15 0.282216
            0.07 0.31 0.394559
            0.07 0.61 0.604538
            0.14 0.0014 0.199936
            0.14 0.019 0.221199
            0.14 0.038 0.237809
            0.14 0.077 0.267465
            0.14 0.15 0.319517
            0.14 0.31 0.431882
            0.14 0.61 0.641993
            0.28 0.0014 0.264583
            0.28 0.019 0.289586
            0.28 0.038 0.307791
            0.28 0.077 0.338877
            0.28 0.15 0.391644
            0.28 0.31 0.504152
            0.28 0.61 0.714153
            0.56 0.0014 0.393591
            0.56 0.019 0.422455
            0.56 0.038 0.442464
            0.56 0.077 0.475222
            0.56 0.15 0.528847
            0.56 0.31 0.64152
            0.56 0.61 0.851521
      fall_transition
            input_net_transition total_output_net_capacitance time
            0.005 0.0014 0.027196
            0.005 0.019 0.042497
            0.005 0.038 0.057397
            0.005 0.077 0.087685
            0.005 0.15 0.14587
            0.005 0.31 0.27851
            0.005 0.61 0.53255
            0.035 0.0014 0.027253
            0.035 0.019 0.042568
            0.035 0.038 0.057477
            0.035 0.077 0.087722
            0.035 0.15 0.14588
            0.035 0.31 0.27852
            0.035 0.61 0.53259
            0.07 0.0014 0.027645
            0.07 0.019 0.042875
            0.07 0.038 0.057711
            0.07 0.077 0.087895
            0.07 0.15 0.14598
            0.07 0.31 0.27857
            0.07 0.61 0.5326
            0.14 0.0014 0.028998
            0.14 0.019 0.044016
            0.14 0.038 0.058724
            0.14 0.077 0.088692
            0.14 0.15 0.14647
            0.14 0.31 0.27875
            0.14 0.61 0.53261
            0.28 0.0014 0.031998
            0.28 0.019 0.046778
            0.28 0.038 0.061276
            0.28 0.077 0.090788
            0.28 0.15 0.14793
            0.28 0.31 0.27947
            0.28 0.61 0.53291
            0.56 0.0014 0.038416
            0.56 0.019 0.052735
            0.56 0.038 0.066778
            0.56 0.077 0.095401
            0.56 0.15 0.15119
            0.56 0.31 0.28111
            0.56 0.61 0.53366
      rise_transition
            input_net_transition total_output_net_capacitance time
            0.005 0.0014 0.022655
            0.005 0.019 0.041555
            0.005 0.038 0.061495
            0.005 0.077 0.10388
            0.005 0.15 0.18661
            0.005 0.31 0.37144
            0.005 0.61 0.71968
            0.035 0.0014 0.022791
            0.035 0.019 0.041653
            0.035 0.038 0.061565
            0.035 0.077 0.10392
            0.035 0.15 0.18662
            0.035 0.31 0.37158
            0.035 0.61 0.71969
            0.07 0.0014 0.02334
            0.07 0.019 0.042069
            0.07 0.038 0.061827
            0.07 0.077 0.10405
            0.07 0.15 0.18663
            0.07 0.31 0.37161
            0.07 0.61 0.71971
            0.14 0.0014 0.024942
            0.14 0.019 0.043374
            0.14 0.038 0.062881
            0.14 0.077 0.10474
            0.14 0.15 0.18683
            0.14 0.31 0.37167
            0.14 0.61 0.71984
            0.28 0.0014 0.028538
            0.28 0.019 0.046415
            0.28 0.038 0.06539
            0.28 0.077 0.10644
            0.28 0.15 0.18782
            0.28 0.31 0.37194
            0.28 0.61 0.71985
            0.56 0.0014 0.035999
            0.56 0.019 0.053091
            0.56 0.038 0.071171
            0.56 0.077 0.11044
            0.56 0.15 0.18983
            0.56 0.31 0.37255
            0.56 0.61 0.72032
  XOR2X4
    area: 5.62
    A    <-  (0.001034)
    B    <-  (0.001718)
    Z    ->  (0.07) (!A*B+A*!B)	--- XOR2
      cell_fall
            input_net_transition total_output_net_capacitance time
            0.005 0.0014 0.172348
            0.005 0.009 0.221353
            0.005 0.018 0.265672
            0.005 0.035 0.342925
            0.005 0.07 0.498586
            0.035 0.0014 0.195316
            0.035 0.009 0.244321
            0.035 0.018 0.288629
            0.035 0.035 0.365893
            0.035 0.07 0.521378
            0.07 0.0014 0.21901
            0.07 0.009 0.268026
            0.07 0.018 0.312345
            0.07 0.035 0.38962
            0.07 0.07 0.545182
            0.14 0.0014 0.259765
            0.14 0.009 0.308792
            0.14 0.018 0.353133
            0.14 0.035 0.430419
            0.14 0.07 0.586003
            0.28 0.0014 0.328834
            0.28 0.009 0.382052
            0.28 0.018 0.428219
            0.28 0.035 0.506704
            0.28 0.07 0.662552
            0.56 0.0014 0.459712
            0.56 0.009 0.516714
            0.56 0.018 0.564333
            0.56 0.035 0.643731
            0.56 0.07 0.799942
      cell_rise
            input_net_transition total_output_net_capacitance time
            0.005 0.0014 0.166375
            0.005 0.009 0.21725
            0.005 0.018 0.267498
            0.005 0.035 0.359568
            0.005 0.07 0.548108
            0.035 0.0014 0.188309
            0.035 0.009 0.239184
            0.035 0.018 0.289432
            0.035 0.035 0.381513
            0.035 0.07 0.570053
            0.07 0.0014 0.211376
            0.07 0.009 0.262262
            0.07 0.018 0.312521
            0.07 0.035 0.404591
            0.07 0.07 0.593087
            0.14 0.0014 0.250888
            0.14 0.009 0.301796
            0.14 0.018 0.352077
            0.14 0.035 0.444092
            0.14 0.07 0.632456
            0.28 0.0014 0.316822
            0.28 0.009 0.370513
            0.28 0.018 0.422114
            0.28 0.035 0.514569
            0.28 0.07 0.702944
            0.56 0.0014 0.454476
            0.56 0.009 0.513953
            0.56 0.018 0.566786
            0.56 0.035 0.659758
            0.56 0.07 0.848254
      fall_transition
            input_net_transition total_output_net_capacitance time
            0.005 0.0014 0.04241
            0.005 0.009 0.09312
            0.005 0.018 0.15387
            0.005 0.035 0.27264
            0.005 0.07 0.52342
            0.035 0.0014 0.04242
            0.035 0.009 0.09313
            0.035 0.018 0.15388
            0.035 0.035 0.27265
            0.035 0.07 0.52373
            0.07 0.0014 0.042695
            0.07 0.009 0.093231
            0.07 0.018 0.15389
            0.07 0.035 0.27266
            0.07 0.07 0.52375
            0.14 0.0014 0.043874
            0.14 0.009 0.094008
            0.14 0.018 0.15434
            0.14 0.035 0.27301
            0.14 0.07 0.52376
            0.28 0.0014 0.046924
            0.28 0.009 0.096177
            0.28 0.018 0.15595
            0.28 0.035 0.27385
            0.28 0.07 0.52407
            0.56 0.0014 0.05335
            0.56 0.009 0.10101
            0.56 0.018 0.15945
            0.56 0.035 0.27585
            0.56 0.07 0.52487
      rise_transition
            input_net_transition total_output_net_capacitance time
            0.005 0.0014 0.039303
            0.005 0.009 0.10121
            0.005 0.018 0.17865
            0.005 0.035 0.32853
            0.005 0.07 0.64005
            0.035 0.0014 0.039396
            0.035 0.009 0.10127
            0.035 0.018 0.17866
            0.035 0.035 0.32854
            0.035 0.07 0.64006
            0.07 0.0014 0.039758
            0.07 0.009 0.10145
            0.07 0.018 0.17867
            0.07 0.035 0.32855
            0.07 0.07 0.64016
            0.14 0.0014 0.041096
            0.14 0.009 0.10224
            0.14 0.018 0.17908
            0.14 0.035 0.32856
            0.14 0.07 0.64017
            0.28 0.0014 0.044328
            0.28 0.009 0.10418
            0.28 0.018 0.18006
            0.28 0.035 0.32907
            0.28 0.07 0.64029
            0.56 0.0014 0.051229
            0.56 0.009 0.1086
            0.56 0.018 0.18253
            0.56 0.035 0.33019
            0.56 0.07 0.64032
  XOR2X9
    area: 6.24
    A    <-  (0.001516)
    B    <-  (0.002634)
    Z    ->  (0.16) (!A*B+A*!B)	--- XOR2
      cell_fall
            input_net_transition total_output_net_capacitance time
            0.005 0.0014 0.1463
            0.005 0.0098 0.178552
            0.005 0.02 0.206899
            0.005 0.039 0.253319
            0.005 0.079 0.345851
            0.005 0.16 0.531256
            0.035 0.0014 0.169048
            0.035 0.0098 0.201311
            0.035 0.02 0.229669
            0.035 0.039 0.276089
            0.035 0.079 0.368632
            0.035 0.16 0.554235
            0.07 0.0014 0.191994
            0.07 0.0098 0.224257
            0.07 0.02 0.252615
            0.07 0.039 0.299035
            0.07 0.079 0.3916
            0.07 0.16 0.576939
            0.14 0.0014 0.231275
            0.14 0.0098 0.263538
            0.14 0.02 0.291907
            0.14 0.039 0.338338
            0.14 0.079 0.431387
            0.14 0.16 0.616847
            0.28 0.0014 0.303842
            0.28 0.0098 0.339713
            0.28 0.02 0.369919
            0.28 0.039 0.417901
            0.28 0.079 0.511335
            0.28 0.16 0.696784
            0.56 0.0014 0.431948
            0.56 0.0098 0.471295
            0.56 0.02 0.503085
            0.56 0.039 0.55231
            0.56 0.079 0.646426
            0.56 0.16 0.832029
      cell_rise
            input_net_transition total_output_net_capacitance time
            0.005 0.0014 0.141097
            0.005 0.0098 0.17446
            0.005 0.02 0.206701
            0.005 0.039 0.263362
            0.005 0.079 0.381183
            0.005 0.16 0.619025
            0.035 0.0014 0.16313
            0.035 0.0098 0.196482
            0.035 0.02 0.228745
            0.035 0.039 0.285406
            0.035 0.079 0.403029
            0.035 0.16 0.640827
            0.07 0.0014 0.185889
            0.07 0.0098 0.219252
            0.07 0.02 0.251493
            0.07 0.039 0.308143
            0.07 0.079 0.426008
            0.07 0.16 0.663872
            0.14 0.0014 0.224631
            0.14 0.0098 0.258005
            0.14 0.02 0.29029
            0.14 0.039 0.346918
            0.14 0.079 0.464618
            0.14 0.16 0.702317
            0.28 0.0014 0.289256
            0.28 0.0098 0.323543
            0.28 0.02 0.357302
            0.28 0.039 0.414777
            0.28 0.079 0.532664
            0.28 0.16 0.770407
            0.56 0.0014 0.419727
            0.56 0.0098 0.461263
            0.56 0.02 0.496639
            0.56 0.039 0.554917
            0.56 0.079 0.673068
            0.56 0.16 0.910734
      fall_transition
            input_net_transition total_output_net_capacitance time
            0.005 0.0014 0.033486
            0.005 0.0098 0.06301
            0.005 0.02 0.098043
            0.005 0.039 0.16514
            0.005 0.079 0.31169
            0.005 0.16 0.61369
            0.035 0.0014 0.033551
            0.035 0.0098 0.063033
            0.035 0.02 0.098069
            0.035 0.039 0.16517
            0.035 0.079 0.3117
            0.035 0.16 0.6137
            0.07 0.0014 0.033937
            0.07 0.0098 0.063226
            0.07 0.02 0.098193
            0.07 0.039 0.16526
            0.07 0.079 0.31171
            0.07 0.16 0.61371
            0.14 0.0014 0.035241
            0.14 0.0098 0.06421
            0.14 0.02 0.098827
            0.14 0.039 0.16554
            0.14 0.079 0.31184
            0.14 0.16 0.61372
            0.28 0.0014 0.038271
            0.28 0.0098 0.066753
            0.28 0.02 0.10093
            0.28 0.039 0.16699
            0.28 0.079 0.31247
            0.28 0.16 0.61394
            0.56 0.0014 0.044826
            0.56 0.0098 0.07216
            0.56 0.02 0.10524
            0.56 0.039 0.16993
            0.56 0.079 0.3138
            0.56 0.16 0.61453
      rise_transition
            input_net_transition total_output_net_capacitance time
            0.005 0.0014 0.030037
            0.005 0.0098 0.067263
            0.005 0.02 0.11414
            0.005 0.039 0.20482
            0.005 0.079 0.39887
            0.005 0.16 0.79359
            0.035 0.0014 0.030188
            0.035 0.0098 0.067339
            0.035 0.02 0.11429
            0.035 0.039 0.20483
            0.035 0.079 0.39888
            0.035 0.16 0.79381
            0.07 0.0014 0.030651
            0.07 0.0098 0.067592
            0.07 0.02 0.11441
            0.07 0.039 0.20486
            0.07 0.079 0.39889
            0.07 0.16 0.79382
            0.14 0.0014 0.032087
            0.14 0.0098 0.068545
            0.14 0.02 0.11499
            0.14 0.039 0.205
            0.14 0.079 0.3989
            0.14 0.16 0.79385
            0.28 0.0014 0.035493
            0.28 0.0098 0.070988
            0.28 0.02 0.11645
            0.28 0.039 0.20563
            0.28 0.079 0.39923
            0.28 0.16 0.79386
            0.56 0.0014 0.042712
            0.56 0.0098 0.07646
            0.56 0.02 0.1201
            0.56 0.039 0.20758
            0.56 0.079 0.39977
            0.56 0.16 0.79422
