XNORS2X12
    area: 8.11
    A    <-  (0.005849)
    B    <-  (0.005254)
    Z    ->  (0.21) (!A*!B+A*B)  --- XNOR2
      cell_fall  (A)
            input_net_transition total_output_net_capacitance time
            0.005 0.0014 0.0821392
            0.005 0.013 0.108736
            0.005 0.026 0.13684
            0.005 0.053 0.194843
            0.005 0.11 0.317262
            0.005 0.21 0.532103
            0.035 0.0014 0.104836
            0.035 0.013 0.131747
            0.035 0.026 0.16005
            0.035 0.053 0.218152
            0.035 0.11 0.340549
            0.035 0.21 0.555368
            0.07 0.0014 0.128524
            0.07 0.013 0.155639
            0.07 0.026 0.184085
            0.07 0.053 0.242242
            0.07 0.11 0.36465
            0.07 0.21 0.579601
            0.14 0.0014 0.169202
            0.14 0.013 0.196658
            0.14 0.026 0.225258
            0.14 0.053 0.283591
            0.14 0.11 0.406032
            0.14 0.21 0.620796
            0.28 0.0014 0.237226
            0.28 0.013 0.265529
            0.28 0.026 0.294371
            0.28 0.053 0.352825
            0.28 0.11 0.475398
            0.28 0.21 0.690074
            0.56 0.0014 0.34925
            0.56 0.013 0.379676
            0.56 0.026 0.40909
            0.56 0.053 0.474507
            0.56 0.11 0.637703
            0.56 0.21 0.881518
      cell_rise  (A)
            input_net_transition total_output_net_capacitance time
            0.005 0.0014 0.0918335
            0.005 0.013 0.111243
            0.005 0.026 0.130548
            0.005 0.053 0.192599
            0.005 0.11 0.359403
            0.005 0.21 0.651816
            0.035 0.0014 0.112849
            0.035 0.013 0.132539
            0.035 0.026 0.151998
            0.035 0.053 0.214522
            0.035 0.11 0.381458
            0.035 0.21 0.673816
            0.07 0.0014 0.1353
            0.07 0.013 0.155309
            0.07 0.026 0.174966
            0.07 0.053 0.237523
            0.07 0.11 0.40469
            0.07 0.21 0.697378
            0.14 0.0014 0.175604
            0.14 0.013 0.196262
            0.14 0.026 0.216249
            0.14 0.053 0.281435
            0.14 0.11 0.449977
            0.14 0.21 0.742973
            0.28 0.0014 0.245619
            0.28 0.013 0.267465
            0.28 0.026 0.288013
            0.28 0.053 0.361801
            0.28 0.11 0.537174
            0.28 0.21 0.83292
            0.56 0.0014 0.36399
            0.56 0.013 0.388344
            0.56 0.026 0.410058
            0.56 0.053 0.503129
            0.56 0.11 0.696916
            0.56 0.21 1.00596
      fall_transition  (A)
            input_net_transition total_output_net_capacitance time
            0.005 0.0014 0.031611
            0.005 0.013 0.071558
            0.005 0.026 0.11603
            0.005 0.053 0.20766
            0.005 0.11 0.40095
            0.005 0.21 0.7396
            0.035 0.0014 0.034268
            0.035 0.013 0.072835
            0.035 0.026 0.11644
            0.035 0.053 0.20787
            0.035 0.11 0.40109
            0.035 0.21 0.73961
            0.07 0.0014 0.039898
            0.07 0.013 0.077781
            0.07 0.026 0.12003
            0.07 0.053 0.20939
            0.07 0.11 0.40137
            0.07 0.21 0.7399
            0.14 0.0014 0.05159
            0.14 0.013 0.090687
            0.14 0.026 0.13207
            0.14 0.053 0.21812
            0.14 0.11 0.4051
            0.14 0.21 0.74064
            0.28 0.0014 0.074168
            0.28 0.013 0.11681
            0.28 0.026 0.15938
            0.28 0.053 0.24435
            0.28 0.11 0.42406
            0.28 0.21 0.74988
            0.56 0.0014 0.1153
            0.56 0.013 0.16651
            0.56 0.026 0.21264
            0.56 0.053 0.30064
            0.56 0.11 0.47836
            0.56 0.21 0.79127
      rise_transition  (A)
            input_net_transition total_output_net_capacitance time
            0.005 0.0014 0.034305
            0.005 0.013 0.088418
            0.005 0.026 0.1491
            0.005 0.053 0.27454
            0.005 0.11 0.53914
            0.005 0.21 1.0042
            0.035 0.0014 0.035721
            0.035 0.013 0.088881
            0.035 0.026 0.14934
            0.035 0.053 0.27474
            0.035 0.11 0.53939
            0.035 0.21 1.0047
            0.07 0.0014 0.039016
            0.07 0.013 0.091499
            0.07 0.026 0.15082
            0.07 0.053 0.27513
            0.07 0.11 0.53974
            0.07 0.21 1.00471
            0.14 0.0014 0.046321
            0.14 0.013 0.098954
            0.14 0.026 0.1568
            0.14 0.053 0.27882
            0.14 0.11 0.54069
            0.14 0.21 1.005
            0.28 0.0014 0.062197
            0.28 0.013 0.11567
            0.28 0.026 0.17327
            0.28 0.053 0.29262
            0.28 0.11 0.54904
            0.28 0.21 1.008
            0.56 0.0014 0.096224
            0.56 0.013 0.1519
            0.56 0.026 0.20938
            0.56 0.053 0.32766
            0.56 0.11 0.57766
            0.56 0.21 1.0259
  ORAND31X35
    area: 11.2
    A    <-  (0.004455)
    B    <-  (0.004179)
    C    <-  (0.003916)
    D    <-  (0.004417)
    Z    ->  (0.61) (A*D+B*D+C*D)
      cell_fall positive_unate (A)
            input_net_transition total_output_net_capacitance time
            0.005 0.0014 0.158202
            0.005 0.019 0.183315
            0.005 0.038 0.201124
            0.005 0.077 0.229812
            0.005 0.15 0.274472
            0.005 0.31 0.362461
            0.005 0.61 0.521565
            0.035 0.0014 0.177793
            0.035 0.019 0.202906
            0.035 0.038 0.220726
            0.035 0.077 0.249414
            0.035 0.15 0.294085
            0.035 0.31 0.382074
            0.035 0.61 0.541101
            0.07 0.0014 0.198022
            0.07 0.019 0.22319
            0.07 0.038 0.24101
            0.07 0.077 0.26972
            0.07 0.15 0.314402
            0.07 0.31 0.402413
            0.07 0.61 0.561517
            0.14 0.0014 0.234498
            0.14 0.019 0.259963
            0.14 0.038 0.277926
            0.14 0.077 0.30679
            0.14 0.15 0.351626
            0.14 0.31 0.439736
            0.14 0.61 0.598906
            0.28 0.0014 0.298749
            0.28 0.019 0.325072
            0.28 0.038 0.343497
            0.28 0.077 0.3729
            0.28 0.15 0.41822
            0.28 0.31 0.506704
            0.28 0.61 0.665907
            0.56 0.0014 0.410531
            0.56 0.019 0.438757
            0.56 0.038 0.458205
            0.56 0.077 0.488796
            0.56 0.15 0.535172
            0.56 0.31 0.624448
            0.56 0.61 0.783893
      cell_rise positive_unate (A)
            input_net_transition total_output_net_capacitance time
            0.005 0.0014 0.105497
            0.005 0.019 0.127809
            0.005 0.038 0.14498
            0.005 0.077 0.17534
            0.005 0.15 0.228085
            0.005 0.31 0.341099
            0.005 0.61 0.551562
            0.035 0.0014 0.128337
            0.035 0.019 0.150645
            0.035 0.038 0.167816
            0.035 0.077 0.198176
            0.035 0.15 0.250943
            0.035 0.31 0.363935
            0.035 0.61 0.574343
            0.07 0.0014 0.152966
            0.07 0.019 0.175395
            0.07 0.038 0.19261
            0.07 0.077 0.223003
            0.07 0.15 0.275792
            0.07 0.31 0.388806
            0.07 0.61 0.599335
            0.14 0.0014 0.197417
            0.14 0.019 0.220396
            0.14 0.038 0.23782
            0.14 0.077 0.2684
            0.14 0.15 0.321277
            0.14 0.31 0.434291
            0.14 0.61 0.644864
            0.28 0.0014 0.275077
            0.28 0.019 0.299409
            0.28 0.038 0.317449
            0.28 0.077 0.348535
            0.28 0.15 0.401643
            0.28 0.31 0.514745
            0.28 0.61 0.725109
            0.56 0.0014 0.407242
            0.56 0.019 0.434577
            0.56 0.038 0.454014
            0.56 0.077 0.486299
            0.56 0.15 0.539946
            0.56 0.31 0.653136
            0.56 0.61 0.863566
      fall_transition positive_unate (A)
            input_net_transition total_output_net_capacitance time
            0.005 0.0014 0.032771
            0.005 0.019 0.049502
            0.005 0.038 0.065031
            0.005 0.077 0.095867
            0.005 0.15 0.15407
            0.005 0.31 0.28637
            0.005 0.61 0.54085
            0.035 0.0014 0.032781
            0.035 0.019 0.049521
            0.035 0.038 0.065059
            0.035 0.077 0.095893
            0.035 0.15 0.1541
            0.035 0.31 0.28638
            0.035 0.61 0.54086
            0.07 0.0014 0.032927
            0.07 0.019 0.049559
            0.07 0.038 0.065169
            0.07 0.077 0.095958
            0.07 0.15 0.15411
            0.07 0.31 0.28639
            0.07 0.61 0.54087
            0.14 0.0014 0.033555
            0.14 0.019 0.050244
            0.14 0.038 0.065745
            0.14 0.077 0.096443
            0.14 0.15 0.15448
            0.14 0.31 0.28649
            0.14 0.61 0.54088
            0.28 0.0014 0.035339
            0.28 0.019 0.052032
            0.28 0.038 0.067508
            0.28 0.077 0.097996
            0.28 0.15 0.15569
            0.28 0.31 0.28725
            0.28 0.61 0.54121
            0.56 0.0014 0.039489
            0.56 0.019 0.05623
            0.56 0.038 0.071509
            0.56 0.077 0.10155
            0.56 0.15 0.15846
            0.56 0.31 0.28888
            0.56 0.61 0.54214
      rise_transition positive_unate (A)
            input_net_transition total_output_net_capacitance time
            0.005 0.0014 0.023808
            0.005 0.019 0.042827
            0.005 0.038 0.062933
            0.005 0.077 0.10565
            0.005 0.15 0.18849
            0.005 0.31 0.37324
            0.005 0.61 0.72058
            0.035 0.0014 0.023826
            0.035 0.019 0.042837
            0.035 0.038 0.062943
            0.035 0.077 0.10566
            0.035 0.15 0.18851
            0.035 0.31 0.37325
            0.035 0.61 0.72059
            0.07 0.0014 0.024122
            0.07 0.019 0.043026
            0.07 0.038 0.063098
            0.07 0.077 0.10572
            0.07 0.15 0.18852
            0.07 0.31 0.37326
            0.07 0.61 0.7209
            0.14 0.0014 0.025212
            0.14 0.019 0.04393
            0.14 0.038 0.063765
            0.14 0.077 0.10614
            0.14 0.15 0.18872
            0.14 0.31 0.37327
            0.14 0.61 0.72091
            0.28 0.0014 0.027827
            0.28 0.019 0.046343
            0.28 0.038 0.06576
            0.28 0.077 0.10744
            0.28 0.15 0.18939
            0.28 0.31 0.37358
            0.28 0.61 0.72092
            0.56 0.0014 0.033637
            0.56 0.019 0.051703
            0.56 0.038 0.070249
            0.56 0.077 0.1105
            0.56 0.15 0.19102
            0.56 0.31 0.37428
            0.56 0.61 0.72093